# Exported from Wings 3D 1.4.1
mtllib WheelSymbol.mtl
o cylinder2
#48 vertices, 42 faces
v 0.17600000 0.20000000 0.0000000e+0
v 0.12445079 0.20000000 0.12445079
v -3.4964297e-17 0.20000000 0.17600000
v -0.12445079 0.20000000 0.12445079
v -0.17600000 0.20000000 2.1553784e-17
v -0.12445079 0.20000000 -0.12445079
v -7.8071864e-17 0.20000000 -0.17600000
v 0.12445079 0.20000000 -0.12445079
v 0.17600000 0.0000000e+0 0.0000000e+0
v 0.12445079 0.0000000e+0 0.12445079
v -3.4964297e-17 0.0000000e+0 0.17600000
v -0.12445079 0.0000000e+0 0.12445079
v -0.17600000 0.0000000e+0 2.1553784e-17
v -0.12445079 0.0000000e+0 -0.12445079
v -7.8071864e-17 0.0000000e+0 -0.17600000
v 0.12445079 0.0000000e+0 -0.12445079
v 1.00749158 0.20000000 0.34441509
v 0.95594237 0.20000000 0.46886588
v 0.95594237 0.0000000e+0 0.46886588
v 1.00749158 0.0000000e+0 0.34441509
v -0.34441509 0.20000000 1.00749158
v -0.46886588 0.20000000 0.95594237
v -0.46886588 0.0000000e+0 0.95594237
v -0.34441509 0.0000000e+0 1.00749158
v -1.00749158 0.20000000 -0.34441509
v -0.95594237 0.20000000 -0.46886588
v -0.95594237 0.0000000e+0 -0.46886588
v -1.00749158 0.0000000e+0 -0.34441509
v 0.34441509 0.20000000 -1.00749158
v 0.46886588 0.20000000 -0.95594237
v 0.46886588 0.0000000e+0 -0.95594237
v 0.34441509 0.0000000e+0 -1.00749158
v 0.46886588 0.20000000 0.95594237
v 0.34441509 0.20000000 1.00749158
v 0.34441509 0.0000000e+0 1.00749158
v 0.46886588 0.0000000e+0 0.95594237
v -0.95594237 0.20000000 0.46886588
v -1.00749158 0.20000000 0.34441509
v -1.00749158 0.0000000e+0 0.34441509
v -0.95594237 0.0000000e+0 0.46886588
v -0.46886588 0.20000000 -0.95594237
v -0.34441509 0.20000000 -1.00749158
v -0.34441509 0.0000000e+0 -1.00749158
v -0.46886588 0.0000000e+0 -0.95594237
v 0.95594237 0.20000000 -0.46886588
v 1.00749158 0.20000000 -0.34441509
v 1.00749158 0.0000000e+0 -0.34441509
v 0.95594237 0.0000000e+0 -0.46886588
vn 0.0000000e+0 1.00000000 7.9199040e-17
vn 0.0000000e+0 1.00000000 0.0000000e+0
vn 0.38268343 0.0000000e+0 -0.92387953
vn 0.0000000e+0 1.00000000 0.0000000e+0
vn 0.38268343 0.0000000e+0 0.92387953
vn 0.0000000e+0 1.00000000 7.9199040e-17
vn 0.0000000e+0 1.00000000 0.0000000e+0
vn -0.38268343 0.0000000e+0 0.92387953
vn 0.0000000e+0 1.00000000 0.0000000e+0
vn 0.92387953 0.0000000e+0 -0.38268343
vn 0.0000000e+0 1.00000000 7.9199040e-17
vn 0.0000000e+0 1.00000000 0.0000000e+0
vn 0.92387953 0.0000000e+0 0.38268343
vn 0.0000000e+0 1.00000000 0.0000000e+0
vn -0.92387953 0.0000000e+0 0.38268343
vn 0.0000000e+0 1.00000000 7.9199040e-17
vn 0.0000000e+0 1.00000000 0.0000000e+0
vn -0.92387953 0.0000000e+0 -0.38268343
vn 0.0000000e+0 1.00000000 0.0000000e+0
vn 0.38268343 0.0000000e+0 0.92387953
vn 0.0000000e+0 1.00000000 7.9199040e-17
vn 0.0000000e+0 1.00000000 0.0000000e+0
vn -0.38268343 0.0000000e+0 0.92387953
vn 0.0000000e+0 1.00000000 0.0000000e+0
vn -0.38268343 0.0000000e+0 -0.92387953
vn 0.0000000e+0 1.00000000 7.9199040e-17
vn 0.0000000e+0 1.00000000 0.0000000e+0
vn 0.38268343 0.0000000e+0 -0.92387953
vn 0.0000000e+0 1.00000000 0.0000000e+0
vn -0.92387953 0.0000000e+0 0.38268343
vn 0.0000000e+0 1.00000000 7.9199040e-17
vn 0.0000000e+0 1.00000000 0.0000000e+0
vn -0.92387953 0.0000000e+0 -0.38268343
vn 0.0000000e+0 1.00000000 0.0000000e+0
vn 0.92387953 0.0000000e+0 -0.38268343
vn 0.0000000e+0 1.00000000 7.9199040e-17
vn 0.0000000e+0 1.00000000 0.0000000e+0
vn 0.92387953 0.0000000e+0 0.38268343
vn 0.0000000e+0 1.00000000 0.0000000e+0
vn -0.38268343 0.0000000e+0 -0.92387953
vn 0.0000000e+0 -1.00000000 0.0000000e+0
vn 0.0000000e+0 -1.00000000 0.0000000e+0
vn 0.38268343 0.0000000e+0 -0.92387953
vn 0.38268343 0.0000000e+0 0.92387953
vn 0.0000000e+0 -1.00000000 0.0000000e+0
vn 0.0000000e+0 -1.00000000 0.0000000e+0
vn -0.38268343 0.0000000e+0 0.92387953
vn 0.0000000e+0 -1.00000000 0.0000000e+0
vn 0.0000000e+0 -1.00000000 0.0000000e+0
vn 0.92387953 0.0000000e+0 -0.38268343
vn 0.0000000e+0 -1.00000000 0.0000000e+0
vn 0.0000000e+0 -1.00000000 0.0000000e+0
vn 0.92387953 0.0000000e+0 0.38268343
vn -0.92387953 0.0000000e+0 0.38268343
vn 0.0000000e+0 -1.00000000 0.0000000e+0
vn 0.0000000e+0 -1.00000000 0.0000000e+0
vn -0.92387953 0.0000000e+0 -0.38268343
vn 0.0000000e+0 -1.00000000 0.0000000e+0
vn 0.0000000e+0 -1.00000000 0.0000000e+0
vn 0.38268343 0.0000000e+0 0.92387953
vn 0.0000000e+0 -1.00000000 0.0000000e+0
vn 0.0000000e+0 -1.00000000 0.0000000e+0
vn -0.38268343 0.0000000e+0 0.92387953
vn -0.38268343 0.0000000e+0 -0.92387953
vn 0.0000000e+0 -1.00000000 0.0000000e+0
vn 0.0000000e+0 -1.00000000 0.0000000e+0
vn 0.38268343 0.0000000e+0 -0.92387953
vn 0.0000000e+0 -1.00000000 0.0000000e+0
vn 0.0000000e+0 -1.00000000 0.0000000e+0
vn -0.92387953 0.0000000e+0 0.38268343
vn 0.0000000e+0 -1.00000000 0.0000000e+0
vn 0.0000000e+0 -1.00000000 0.0000000e+0
vn -0.92387953 0.0000000e+0 -0.38268343
vn 0.92387953 0.0000000e+0 -0.38268343
vn 0.0000000e+0 -1.00000000 0.0000000e+0
vn 0.0000000e+0 -1.00000000 0.0000000e+0
vn 0.92387953 0.0000000e+0 0.38268343
vn 0.0000000e+0 -1.00000000 0.0000000e+0
vn 0.0000000e+0 -1.00000000 0.0000000e+0
vn -0.38268343 0.0000000e+0 -0.92387953
vn 0.92387953 0.0000000e+0 0.38268343
vn 0.0000000e+0 1.00000000 0.0000000e+0
vn 0.38268343 0.0000000e+0 -0.92387953
vn 0.92387953 0.0000000e+0 0.38268343
vn 0.0000000e+0 1.00000000 0.0000000e+0
vn -0.38268343 0.0000000e+0 0.92387953
vn 0.92387953 0.0000000e+0 0.38268343
vn -0.38268343 0.0000000e+0 0.92387953
vn 0.0000000e+0 -1.00000000 0.0000000e+0
vn 0.92387953 0.0000000e+0 0.38268343
vn 0.0000000e+0 -1.00000000 0.0000000e+0
vn 0.38268343 0.0000000e+0 -0.92387953
vn -0.38268343 0.0000000e+0 0.92387953
vn 0.0000000e+0 1.00000000 0.0000000e+0
vn 0.92387953 0.0000000e+0 0.38268343
vn -0.38268343 0.0000000e+0 0.92387953
vn 0.0000000e+0 1.00000000 0.0000000e+0
vn -0.92387953 0.0000000e+0 -0.38268343
vn -0.38268343 0.0000000e+0 0.92387953
vn -0.92387953 0.0000000e+0 -0.38268343
vn 0.0000000e+0 -1.00000000 0.0000000e+0
vn -0.38268343 0.0000000e+0 0.92387953
vn 0.0000000e+0 -1.00000000 0.0000000e+0
vn 0.92387953 0.0000000e+0 0.38268343
vn -0.92387953 0.0000000e+0 -0.38268343
vn 0.0000000e+0 1.00000000 0.0000000e+0
vn -0.38268343 0.0000000e+0 0.92387953
vn -0.92387953 0.0000000e+0 -0.38268343
vn 0.0000000e+0 1.00000000 0.0000000e+0
vn 0.38268343 0.0000000e+0 -0.92387953
vn -0.92387953 0.0000000e+0 -0.38268343
vn 0.38268343 0.0000000e+0 -0.92387953
vn 0.0000000e+0 -1.00000000 0.0000000e+0
vn -0.92387953 0.0000000e+0 -0.38268343
vn 0.0000000e+0 -1.00000000 0.0000000e+0
vn -0.38268343 0.0000000e+0 0.92387953
vn 0.38268343 0.0000000e+0 -0.92387953
vn 0.0000000e+0 1.00000000 0.0000000e+0
vn -0.92387953 0.0000000e+0 -0.38268343
vn 0.38268343 0.0000000e+0 -0.92387953
vn 0.0000000e+0 1.00000000 0.0000000e+0
vn 0.92387953 0.0000000e+0 0.38268343
vn 0.38268343 0.0000000e+0 -0.92387953
vn 0.92387953 0.0000000e+0 0.38268343
vn 0.0000000e+0 -1.00000000 0.0000000e+0
vn 0.38268343 0.0000000e+0 -0.92387953
vn 0.0000000e+0 -1.00000000 0.0000000e+0
vn -0.92387953 0.0000000e+0 -0.38268343
vn 0.38268343 0.0000000e+0 0.92387953
vn 0.0000000e+0 1.00000000 0.0000000e+0
vn 0.92387953 0.0000000e+0 -0.38268343
vn 0.38268343 0.0000000e+0 0.92387953
vn 0.0000000e+0 1.00000000 0.0000000e+0
vn -0.92387953 0.0000000e+0 0.38268343
vn 0.38268343 0.0000000e+0 0.92387953
vn -0.92387953 0.0000000e+0 0.38268343
vn 0.0000000e+0 -1.00000000 0.0000000e+0
vn 0.38268343 0.0000000e+0 0.92387953
vn 0.0000000e+0 -1.00000000 0.0000000e+0
vn 0.92387953 0.0000000e+0 -0.38268343
vn -0.92387953 0.0000000e+0 0.38268343
vn 0.0000000e+0 1.00000000 0.0000000e+0
vn 0.38268343 0.0000000e+0 0.92387953
vn -0.92387953 0.0000000e+0 0.38268343
vn 0.0000000e+0 1.00000000 0.0000000e+0
vn -0.38268343 0.0000000e+0 -0.92387953
vn -0.92387953 0.0000000e+0 0.38268343
vn -0.38268343 0.0000000e+0 -0.92387953
vn 0.0000000e+0 -1.00000000 0.0000000e+0
vn -0.92387953 0.0000000e+0 0.38268343
vn 0.0000000e+0 -1.00000000 0.0000000e+0
vn 0.38268343 0.0000000e+0 0.92387953
vn -0.38268343 0.0000000e+0 -0.92387953
vn 0.0000000e+0 1.00000000 0.0000000e+0
vn -0.92387953 0.0000000e+0 0.38268343
vn -0.38268343 0.0000000e+0 -0.92387953
vn 0.0000000e+0 1.00000000 0.0000000e+0
vn 0.92387953 0.0000000e+0 -0.38268343
vn -0.38268343 0.0000000e+0 -0.92387953
vn 0.92387953 0.0000000e+0 -0.38268343
vn 0.0000000e+0 -1.00000000 0.0000000e+0
vn -0.38268343 0.0000000e+0 -0.92387953
vn 0.0000000e+0 -1.00000000 0.0000000e+0
vn -0.92387953 0.0000000e+0 0.38268343
vn 0.92387953 0.0000000e+0 -0.38268343
vn 0.0000000e+0 1.00000000 0.0000000e+0
vn -0.38268343 0.0000000e+0 -0.92387953
vn 0.92387953 0.0000000e+0 -0.38268343
vn 0.0000000e+0 1.00000000 0.0000000e+0
vn 0.38268343 0.0000000e+0 0.92387953
vn 0.92387953 0.0000000e+0 -0.38268343
vn 0.38268343 0.0000000e+0 0.92387953
vn 0.0000000e+0 -1.00000000 0.0000000e+0
vn 0.92387953 0.0000000e+0 -0.38268343
vn 0.0000000e+0 -1.00000000 0.0000000e+0
vn -0.38268343 0.0000000e+0 -0.92387953
g cylinder2_default
usemtl default
s 1
f 1//1 8//36 7//31 6//26 5//21 4//16 3//11 2//6
f 3//13 21//95 24//104 11//53
f 7//33 29//119 32//128 15//73
f 9//44 47//172 46//170 1//5
f 10//46 11//51 12//56 13//61 14//66 15//71 16//76 9//41
f 12//57 23//100 22//98 4//18
f 16//77 31//124 30//122 8//38
f 18//84 19//87 20//90 17//81
f 26//108 27//111 28//114 25//105
f 34//132 35//135 36//138 33//129
f 38//144 39//147 40//150 37//141
f 42//156 43//159 44//162 41//153
s 2
f 1//4 46//169 45//166 8//39
f 2//7 18//85 17//82 1//2
f 2//10 33//131 36//140 10//50
f 4//17 22//97 21//94 3//12
f 4//20 37//143 40//152 12//60
f 5//23 25//107 28//116 13//63
f 7//34 42//157 41//154 6//29
f 8//37 30//121 29//118 7//32
f 9//42 20//91 19//89 10//48
f 11//52 24//103 23//101 12//58
f 11//54 35//136 34//134 3//15
f 14//67 27//112 26//110 6//28
f 14//69 44//163 43//161 15//75
f 15//72 32//127 31//125 16//78
f 16//79 48//175 47//173 9//45
s 3
f 1//3 17//83 20//92 9//43
f 3//14 34//133 33//130 2//9
f 6//27 26//109 25//106 5//22
f 6//30 41//155 44//164 14//70
f 8//40 45//167 48//176 16//80
f 10//47 19//88 18//86 2//8
f 10//49 36//139 35//137 11//55
f 13//62 28//115 27//113 14//68
f 13//64 39//148 38//146 5//25
f 15//74 43//160 42//158 7//35
f 22//96 23//99 24//102 21//93
f 30//120 31//123 32//126 29//117
s 4
f 5//24 38//145 37//142 4//19
f 12//59 40//151 39//149 13//65
f 46//168 47//171 48//174 45//165
o cylinder1
#32 vertices, 32 faces
v 1.00000000 0.20000000 0.0000000e+0
v 0.70710678 0.20000000 0.70710678
v 6.1232340e-17 0.20000000 1.00000000
v -0.70710678 0.20000000 0.70710678
v -1.00000000 0.20000000 1.2246468e-16
v -0.70710678 0.20000000 -0.70710678
v -1.8369702e-16 0.20000000 -1.00000000
v 0.70710678 0.20000000 -0.70710678
v 1.00000000 0.0000000e+0 0.0000000e+0
v 0.70710678 0.0000000e+0 0.70710678
v 6.1232340e-17 0.0000000e+0 1.00000000
v -0.70710678 0.0000000e+0 0.70710678
v -1.00000000 0.0000000e+0 1.2246468e-16
v -0.70710678 0.0000000e+0 -0.70710678
v -1.8369702e-16 0.0000000e+0 -1.00000000
v 0.70710678 0.0000000e+0 -0.70710678
v 0.56851385 0.20000000 0.56851385
v 0.80400000 0.20000000 1.1776628e-17
v 0.56851385 0.20000000 -0.56851385
v -1.4836714e-16 0.20000000 -0.80400000
v -0.56851385 0.20000000 -0.56851385
v -0.80400000 0.20000000 8.7134796e-17
v -0.56851385 0.20000000 0.56851385
v 3.7679084e-17 0.20000000 0.80400000
v 0.80400000 0.0000000e+0 1.1776628e-17
v 0.56851385 0.0000000e+0 0.56851385
v 3.7679084e-17 0.0000000e+0 0.80400000
v -0.56851385 0.0000000e+0 0.56851385
v -0.80400000 0.0000000e+0 8.7134796e-17
v -0.56851385 0.0000000e+0 -0.56851385
v -1.4836714e-16 0.0000000e+0 -0.80400000
v 0.56851385 0.0000000e+0 -0.56851385
vn 0.92387953 0.0000000e+0 -0.38268343
vn 0.92387953 0.0000000e+0 0.38268343
vn 0.0000000e+0 1.00000000 0.0000000e+0
vn 0.0000000e+0 1.00000000 0.0000000e+0
vn 0.38268343 0.0000000e+0 0.92387953
vn 0.92387953 0.0000000e+0 0.38268343
vn 0.0000000e+0 1.00000000 0.0000000e+0
vn 0.0000000e+0 1.00000000 0.0000000e+0
vn -0.38268343 0.0000000e+0 0.92387953
vn 0.38268343 0.0000000e+0 0.92387953
vn 0.0000000e+0 1.00000000 0.0000000e+0
vn 0.0000000e+0 1.00000000 0.0000000e+0
vn -0.92387953 0.0000000e+0 0.38268343
vn -0.38268343 0.0000000e+0 0.92387953
vn 0.0000000e+0 1.00000000 0.0000000e+0
vn 0.0000000e+0 1.00000000 0.0000000e+0
vn -0.92387953 0.0000000e+0 -0.38268343
vn -0.92387953 0.0000000e+0 0.38268343
vn 0.0000000e+0 1.00000000 0.0000000e+0
vn 0.0000000e+0 1.00000000 0.0000000e+0
vn -0.38268343 0.0000000e+0 -0.92387953
vn -0.92387953 0.0000000e+0 -0.38268343
vn 0.0000000e+0 1.00000000 0.0000000e+0
vn 0.0000000e+0 1.00000000 0.0000000e+0
vn 0.38268343 0.0000000e+0 -0.92387953
vn -0.38268343 0.0000000e+0 -0.92387953
vn 0.0000000e+0 1.00000000 0.0000000e+0
vn 0.0000000e+0 1.00000000 0.0000000e+0
vn 0.92387953 0.0000000e+0 -0.38268343
vn 0.38268343 0.0000000e+0 -0.92387953
vn 0.0000000e+0 1.00000000 0.0000000e+0
vn 0.0000000e+0 1.00000000 0.0000000e+0
vn 0.92387953 0.0000000e+0 -0.38268343
vn 0.92387953 0.0000000e+0 0.38268343
vn 0.0000000e+0 -1.00000000 0.0000000e+0
vn 0.0000000e+0 -1.00000000 0.0000000e+0
vn 0.38268343 0.0000000e+0 0.92387953
vn 0.92387953 0.0000000e+0 0.38268343
vn 0.0000000e+0 -1.00000000 0.0000000e+0
vn 0.0000000e+0 -1.00000000 0.0000000e+0
vn -0.38268343 0.0000000e+0 0.92387953
vn 0.38268343 0.0000000e+0 0.92387953
vn 0.0000000e+0 -1.00000000 0.0000000e+0
vn 0.0000000e+0 -1.00000000 0.0000000e+0
vn -0.92387953 0.0000000e+0 0.38268343
vn -0.38268343 0.0000000e+0 0.92387953
vn 0.0000000e+0 -1.00000000 0.0000000e+0
vn 0.0000000e+0 -1.00000000 0.0000000e+0
vn -0.92387953 0.0000000e+0 -0.38268343
vn -0.92387953 0.0000000e+0 0.38268343
vn 0.0000000e+0 -1.00000000 0.0000000e+0
vn 0.0000000e+0 -1.00000000 0.0000000e+0
vn -0.38268343 0.0000000e+0 -0.92387953
vn -0.92387953 0.0000000e+0 -0.38268343
vn 0.0000000e+0 -1.00000000 0.0000000e+0
vn 0.0000000e+0 -1.00000000 0.0000000e+0
vn 0.38268343 0.0000000e+0 -0.92387953
vn -0.38268343 0.0000000e+0 -0.92387953
vn 0.0000000e+0 -1.00000000 0.0000000e+0
vn 0.0000000e+0 -1.00000000 0.0000000e+0
vn 0.92387953 0.0000000e+0 -0.38268343
vn 0.38268343 0.0000000e+0 -0.92387953
vn 0.0000000e+0 -1.00000000 0.0000000e+0
vn 0.0000000e+0 -1.00000000 0.0000000e+0
vn 0.0000000e+0 1.00000000 0.0000000e+0
vn 0.0000000e+0 1.00000000 0.0000000e+0
vn -0.92387953 0.0000000e+0 -0.38268343
vn -0.38268343 0.0000000e+0 -0.92387953
vn 0.0000000e+0 1.00000000 0.0000000e+0
vn 0.0000000e+0 1.00000000 0.0000000e+0
vn -0.92387953 0.0000000e+0 -0.38268343
vn -0.92387953 0.0000000e+0 0.38268343
vn 0.0000000e+0 1.00000000 0.0000000e+0
vn 0.0000000e+0 1.00000000 0.0000000e+0
vn -0.38268343 0.0000000e+0 0.92387953
vn -0.92387953 0.0000000e+0 0.38268343
vn 0.0000000e+0 1.00000000 0.0000000e+0
vn 0.0000000e+0 1.00000000 0.0000000e+0
vn 0.38268343 0.0000000e+0 0.92387953
vn -0.38268343 0.0000000e+0 0.92387953
vn 0.0000000e+0 1.00000000 0.0000000e+0
vn 0.0000000e+0 1.00000000 0.0000000e+0
vn 0.92387953 0.0000000e+0 0.38268343
vn 0.38268343 0.0000000e+0 0.92387953
vn 0.0000000e+0 1.00000000 0.0000000e+0
vn 0.0000000e+0 1.00000000 0.0000000e+0
vn 0.92387953 0.0000000e+0 -0.38268343
vn 0.92387953 0.0000000e+0 0.38268343
vn 0.0000000e+0 1.00000000 0.0000000e+0
vn 0.0000000e+0 1.00000000 0.0000000e+0
vn 0.38268343 0.0000000e+0 -0.92387953
vn 0.92387953 0.0000000e+0 -0.38268343
vn 0.0000000e+0 1.00000000 0.0000000e+0
vn 0.0000000e+0 1.00000000 0.0000000e+0
vn -0.38268343 0.0000000e+0 -0.92387953
vn 0.38268343 0.0000000e+0 -0.92387953
vn 0.0000000e+0 -1.00000000 0.0000000e+0
vn 0.0000000e+0 -1.00000000 0.0000000e+0
vn -0.92387953 0.0000000e+0 -0.38268343
vn -0.92387953 0.0000000e+0 0.38268343
vn 0.0000000e+0 -1.00000000 0.0000000e+0
vn 0.0000000e+0 -1.00000000 0.0000000e+0
vn -0.92387953 0.0000000e+0 -0.38268343
vn -0.38268343 0.0000000e+0 -0.92387953
vn 0.0000000e+0 -1.00000000 0.0000000e+0
vn 0.0000000e+0 -1.00000000 0.0000000e+0
vn -0.38268343 0.0000000e+0 -0.92387953
vn 0.38268343 0.0000000e+0 -0.92387953
vn 0.0000000e+0 -1.00000000 0.0000000e+0
vn 0.0000000e+0 -1.00000000 0.0000000e+0
vn 0.38268343 0.0000000e+0 -0.92387953
vn 0.92387953 0.0000000e+0 -0.38268343
vn 0.0000000e+0 -1.00000000 0.0000000e+0
vn 0.0000000e+0 -1.00000000 0.0000000e+0
vn 0.92387953 0.0000000e+0 -0.38268343
vn 0.92387953 0.0000000e+0 0.38268343
vn 0.0000000e+0 -1.00000000 0.0000000e+0
vn 0.0000000e+0 -1.00000000 0.0000000e+0
vn 0.92387953 0.0000000e+0 0.38268343
vn 0.38268343 0.0000000e+0 0.92387953
vn 0.0000000e+0 -1.00000000 0.0000000e+0
vn 0.0000000e+0 -1.00000000 0.0000000e+0
vn 0.38268343 0.0000000e+0 0.92387953
vn -0.38268343 0.0000000e+0 0.92387953
vn 0.0000000e+0 -1.00000000 0.0000000e+0
vn 0.0000000e+0 -1.00000000 0.0000000e+0
vn -0.38268343 0.0000000e+0 0.92387953
vn -0.92387953 0.0000000e+0 0.38268343
g cylinder1_default
usemtl default
s 1
f 50//182 58//214 57//210 49//178
f 50//184 65//242 72//270 51//188
f 52//190 60//222 59//217 51//185
f 53//195 70//261 69//258 54//200
f 56//206 64//238 63//233 55//201
f 56//207 67//249 66//246 49//180
f 57//212 73//274 80//302 64//240
f 59//219 75//281 74//278 58//216
f 61//227 77//289 76//286 60//224
f 63//235 79//297 78//294 62//232
f 66//247 73//275 74//279 65//243
f 68//256 79//300 80//303 67//251
f 72//272 75//284 76//287 71//267
s 2
f 49//177 57//209 64//237 56//205
f 49//179 66//245 65//241 50//183
f 51//186 59//218 58//213 50//181
f 51//187 72//269 71//266 52//192
f 53//194 61//226 60//221 52//189
f 55//202 63//234 62//229 54//197
f 55//203 68//253 67//250 56//208
f 58//215 74//277 73//273 57//211
f 60//223 76//285 75//282 59//220
f 62//231 78//293 77//290 61//228
f 64//239 80//301 79//298 63//236
f 65//244 74//280 75//283 72//271
f 67//252 80//304 73//276 66//248
f 69//260 78//296 79//299 68//255
f 71//268 76//288 77//291 70//263
s 3
f 52//191 71//265 70//262 53//196
f 54//198 62//230 61//225 53//193
f 54//199 69//257 68//254 55//204
f 70//264 77//292 78//295 69//259
