# Exported from Wings 3D 1.4.1
mtllib tentacle.mtl
o cylinder3_copy10
#32 vertices, 25 faces
v -5.43539526 1.66338693 -0.39539702
v -5.62865323 1.74809155 6.3415559e-2
v -6.09521926 1.78317735 0.25346195
v -6.56178528 1.74809155 6.3415559e-2
v -6.75504326 1.66338693 -0.39539702
v -6.56178528 1.57868232 -0.85420960
v -6.09521926 1.54359652 -1.04425600
v -5.62865323 1.57868232 -0.85420960
v -5.43539526 0.48700964 -0.17821774
v -5.62865323 0.57171425 0.28059484
v -6.09521926 0.60680005 0.47064123
v -6.56178528 0.57171425 0.28059484
v -6.75504326 0.48700964 -0.17821774
v -6.56178528 0.40230502 -0.63703032
v -6.09521926 0.36721922 -0.82707672
v -5.62865323 0.40230502 -0.63703032
v -5.77608809 1.72132489 -8.1569217e-2
v -5.64389964 1.66338693 -0.39539702
v -5.77608809 1.60544898 -0.70922483
v -6.09521926 1.58145029 -0.83921656
v -6.41435042 1.60544898 -0.70922483
v -6.54653887 1.66338693 -0.39539702
v -6.41435042 1.72132489 -8.1569217e-2
v -6.09521926 1.74532358 4.8422517e-2
v -5.77608809 1.26515020 2.6483978e-3
v -5.64389964 1.20721224 -0.31117941
v -5.77608809 1.14927429 -0.62500721
v -6.09521926 1.12527560 -0.75499895
v -6.41435042 1.14927429 -0.62500721
v -6.54653887 1.20721224 -0.31117941
v -6.41435042 1.26515020 2.6483978e-3
v -6.09521926 1.28914889 0.13264013
vn 0.92387953 -6.9475810e-2 -0.37632396
vn 0.92387953 6.9475810e-2 0.37632396
vn 6.3534720e-17 0.98338189 -0.18154904
vn -8.4712960e-17 0.98338189 -0.18154904
vn 0.38268343 0.16772944 0.90852640
vn 0.92387953 6.9475810e-2 0.37632396
vn 6.3534720e-17 0.98338189 -0.18154904
vn 4.8974680e-17 0.98338189 -0.18154904
vn -0.38268343 0.16772944 0.90852640
vn 0.38268343 0.16772944 0.90852640
vn -7.1476560e-17 0.98338189 -0.18154904
vn 4.8974680e-17 0.98338189 -0.18154904
vn -0.92387953 6.9475810e-2 0.37632396
vn -0.38268343 0.16772944 0.90852640
vn -6.3534720e-17 0.98338189 -0.18154904
vn -7.1476560e-17 0.98338189 -0.18154904
vn -0.92387953 -6.9475810e-2 -0.37632396
vn -0.92387953 6.9475810e-2 0.37632396
vn 6.3534720e-17 0.98338189 -0.18154904
vn -6.3534720e-17 0.98338189 -0.18154904
vn -0.38268343 -0.16772944 -0.90852640
vn -0.92387953 -6.9475810e-2 -0.37632396
vn 2.7796440e-17 0.98338189 -0.18154904
vn 6.3534720e-17 0.98338189 -0.18154904
vn 0.38268343 -0.16772944 -0.90852640
vn -0.38268343 -0.16772944 -0.90852640
vn -2.7796440e-17 0.98338189 -0.18154904
vn 2.7796440e-17 0.98338189 -0.18154904
vn 0.92387953 -6.9475810e-2 -0.37632396
vn 0.38268343 -0.16772944 -0.90852640
vn -8.4712960e-17 0.98338189 -0.18154904
vn -2.7796440e-17 0.98338189 -0.18154904
vn 8.4524050e-18 -0.98338189 0.18154904
vn 0.92387953 -6.9475810e-2 -0.37632396
vn 0.92387953 6.9475810e-2 0.37632396
vn 8.4524050e-18 -0.98338189 0.18154904
vn 0.38268343 0.16772944 0.90852640
vn 0.92387953 6.9475810e-2 0.37632396
vn 8.4524050e-18 -0.98338189 0.18154904
vn -0.38268343 0.16772944 0.90852640
vn 0.38268343 0.16772944 0.90852640
vn 8.4524050e-18 -0.98338189 0.18154904
vn -0.92387953 6.9475810e-2 0.37632396
vn -0.38268343 0.16772944 0.90852640
vn 8.4524050e-18 -0.98338189 0.18154904
vn -0.92387953 -6.9475810e-2 -0.37632396
vn -0.92387953 6.9475810e-2 0.37632396
vn 8.4524050e-18 -0.98338189 0.18154904
vn -0.38268343 -0.16772944 -0.90852640
vn -0.92387953 -6.9475810e-2 -0.37632396
vn 8.4524050e-18 -0.98338189 0.18154904
vn 0.38268343 -0.16772944 -0.90852640
vn -0.38268343 -0.16772944 -0.90852640
vn 8.4524050e-18 -0.98338189 0.18154904
vn 0.92387953 -6.9475810e-2 -0.37632396
vn 0.38268343 -0.16772944 -0.90852640
vn 6.3534720e-17 0.98338189 -0.18154904
vn 4.8974680e-17 0.98338189 -0.18154904
vn -0.92387953 -6.9475810e-2 -0.37632396
vn -0.38268343 -0.16772944 -0.90852640
vn 6.3534720e-17 0.98338189 -0.18154904
vn -8.4712960e-17 0.98338189 -0.18154904
vn -0.92387953 -6.9475810e-2 -0.37632396
vn -0.92387953 6.9475810e-2 0.37632396
vn -8.4712960e-17 0.98338189 -0.18154904
vn -2.7796440e-17 0.98338189 -0.18154904
vn -0.92387953 6.9475810e-2 0.37632396
vn -0.38268343 0.16772944 0.90852640
vn -2.7796440e-17 0.98338189 -0.18154904
vn 2.7796440e-17 0.98338189 -0.18154904
vn -0.38268343 0.16772944 0.90852640
vn 0.38268343 0.16772944 0.90852640
vn 2.7796440e-17 0.98338189 -0.18154904
vn 6.3534720e-17 0.98338189 -0.18154904
vn 0.38268343 0.16772944 0.90852640
vn 0.92387953 6.9475810e-2 0.37632396
vn 6.3534720e-17 0.98338189 -0.18154904
vn -6.3534720e-17 0.98338189 -0.18154904
vn 0.92387953 6.9475810e-2 0.37632396
vn 0.92387953 -6.9475810e-2 -0.37632396
vn -6.3534720e-17 0.98338189 -0.18154904
vn -7.1476560e-17 0.98338189 -0.18154904
vn 0.92387953 -6.9475810e-2 -0.37632396
vn 0.38268343 -0.16772944 -0.90852640
vn -7.1476560e-17 0.98338189 -0.18154904
vn 4.8974680e-17 0.98338189 -0.18154904
vn 0.38268343 -0.16772944 -0.90852640
vn -0.38268343 -0.16772944 -0.90852640
vn -0.92387953 -6.9475810e-2 -0.37632396
vn -0.38268343 -0.16772944 -0.90852640
vn -0.92387953 -6.9475810e-2 -0.37632396
vn -0.92387953 6.9475810e-2 0.37632396
vn -0.92387953 6.9475810e-2 0.37632396
vn -0.38268343 0.16772944 0.90852640
vn -0.38268343 0.16772944 0.90852640
vn 0.38268343 0.16772944 0.90852640
vn 0.38268343 0.16772944 0.90852640
vn 0.92387953 6.9475810e-2 0.37632396
vn 0.92387953 6.9475810e-2 0.37632396
vn 0.92387953 -6.9475810e-2 -0.37632396
vn 0.92387953 -6.9475810e-2 -0.37632396
vn 0.38268343 -0.16772944 -0.90852640
vn 0.38268343 -0.16772944 -0.90852640
vn -0.38268343 -0.16772944 -0.90852640
g cylinder3_copy10_default
usemtl default
s 1
f 2//6 10//38 9//35 1//2
f 2//8 17//58 24//86 3//12
f 5//18 13//47 12//43 4//13
f 5//19 22//77 21//74 6//24
f 7//26 15//53 14//49 6//21
f 7//27 20//69 19//66 8//32
f 19//67 27//93 26//92 18//64
f 21//75 29//97 28//96 20//72
f 23//83 31//101 30//100 22//80
s 2
f 4//14 12//44 11//40 3//9
f 4//15 23//81 22//78 5//20
f 6//22 14//50 13//46 5//17
f 6//23 21//73 20//70 7//28
f 8//30 16//56 15//52 7//25
f 8//31 19//65 18//62 1//4
s 3
f 1//1 9//34 16//55 8//29
f 1//3 18//61 17//57 2//7
f 3//10 11//41 10//37 2//5
f 3//11 24//85 23//82 4//16
f 17//60 25//90 32//104 24//88
f 20//71 28//95 27//94 19//68
f 22//79 30//99 29//98 21//76
s 4
f 10//36 11//39 12//42 13//45 14//48 15//51 16//54 9//33
f 18//63 26//91 25//89 17//59
f 24//87 32//103 31//102 23//84
o cylinder3_copy9
#32 vertices, 25 faces
v -3.01749197 1.33936745 0.40243961
v -3.18759130 1.24040922 0.75150111
v -3.56127640 1.24538653 0.89608711
v -3.91964761 1.35138372 0.75150111
v -4.05277593 1.49630909 0.40243961
v -3.88267660 1.59526732 5.3378120e-2
v -3.50899150 1.59029002 -9.1207885e-2
v -3.15062029 1.48429282 5.3378120e-2
v -3.15163198 0.45449718 8.6213617e-2
v -3.32173131 0.35553895 0.43527511
v -3.69541641 0.36051625 0.57986112
v -4.05378761 0.46651345 0.43527511
v -4.18691593 0.61143882 8.6213617e-2
v -4.01681660 0.71039705 -0.26284788
v -3.64313150 0.70541975 -0.40743388
v -3.28476030 0.59942255 -0.26284788
v -3.29741478 1.29647680 0.64119767
v -3.18106684 1.36416423 0.40243961
v -3.27212661 1.46329318 0.16368155
v -3.51725251 1.53579527 6.4784724e-2
v -3.77285312 1.53919974 0.16368155
v -3.88920106 1.47151231 0.40243961
v -3.79814129 1.37238336 0.64119767
v -3.55301539 1.29988128 0.74009450
v -3.34943149 0.95334248 0.51857180
v -3.23308355 1.02102991 0.27981374
v -3.32414332 1.12015886 4.1055676e-2
v -3.56926922 1.19266095 -5.7841151e-2
v -3.82486983 1.19606542 4.1055676e-2
v -3.94121777 1.12837800 0.27981374
v -3.85015800 1.02924904 0.51857180
v -3.60503210 0.95674696 0.61746863
vn 0.93255184 -1.2421136e-2 -0.36082237
vn 0.89433517 -0.26452187 0.36082237
vn 0.14131845 0.93222371 0.33314869
vn 0.14131845 0.93222371 0.33314869
vn 0.33222909 -0.36166928 0.87110227
vn 0.89433517 -0.26452187 0.36082237
vn 0.14131845 0.93222371 0.33314869
vn 0.14131845 0.93222371 0.33314869
vn -0.42449229 -0.24695573 0.87110227
vn 0.33222909 -0.36166928 0.87110227
vn 0.14131845 0.93222371 0.33314869
vn 0.14131845 0.93222371 0.33314869
vn -0.93255184 1.2421136e-2 0.36082237
vn -0.42449229 -0.24695573 0.87110227
vn 0.14131845 0.93222371 0.33314869
vn 0.14131845 0.93222371 0.33314869
vn -0.89433517 0.26452187 -0.36082237
vn -0.93255184 1.2421136e-2 0.36082237
vn 0.14131845 0.93222371 0.33314869
vn 0.14131845 0.93222371 0.33314869
vn -0.33222909 0.36166928 -0.87110227
vn -0.89433517 0.26452187 -0.36082237
vn 0.14131845 0.93222371 0.33314869
vn 0.14131845 0.93222371 0.33314869
vn 0.42449229 0.24695573 -0.87110227
vn -0.33222909 0.36166928 -0.87110227
vn 0.14131845 0.93222371 0.33314869
vn 0.14131845 0.93222371 0.33314869
vn 0.93255184 -1.2421136e-2 -0.36082237
vn 0.42449229 0.24695573 -0.87110227
vn 0.14131845 0.93222371 0.33314869
vn 0.14131845 0.93222371 0.33314869
vn -0.14131845 -0.93222371 -0.33314869
vn 0.93255184 -1.2421136e-2 -0.36082237
vn 0.89433517 -0.26452187 0.36082237
vn -0.14131845 -0.93222371 -0.33314869
vn 0.33222909 -0.36166928 0.87110227
vn 0.89433517 -0.26452187 0.36082237
vn -0.14131845 -0.93222371 -0.33314869
vn -0.42449229 -0.24695573 0.87110227
vn 0.33222909 -0.36166928 0.87110227
vn -0.14131845 -0.93222371 -0.33314869
vn -0.93255184 1.2421136e-2 0.36082237
vn -0.42449229 -0.24695573 0.87110227
vn -0.14131845 -0.93222371 -0.33314869
vn -0.89433517 0.26452187 -0.36082237
vn -0.93255184 1.2421136e-2 0.36082237
vn -0.14131845 -0.93222371 -0.33314869
vn -0.33222909 0.36166928 -0.87110227
vn -0.89433517 0.26452187 -0.36082237
vn -0.14131845 -0.93222371 -0.33314869
vn 0.42449229 0.24695573 -0.87110227
vn -0.33222909 0.36166928 -0.87110227
vn -0.14131845 -0.93222371 -0.33314869
vn 0.93255184 -1.2421136e-2 -0.36082237
vn 0.42449229 0.24695573 -0.87110227
vn 0.14131845 0.93222371 0.33314869
vn 0.14131845 0.93222371 0.33314869
vn -0.89433517 0.26452187 -0.36082237
vn -0.33222909 0.36166928 -0.87110227
vn 0.14131845 0.93222371 0.33314869
vn 0.14131845 0.93222371 0.33314869
vn -0.89433517 0.26452187 -0.36082237
vn -0.93255184 1.2421136e-2 0.36082237
vn 0.14131845 0.93222371 0.33314869
vn 0.14131845 0.93222371 0.33314869
vn -0.93255184 1.2421136e-2 0.36082237
vn -0.42449229 -0.24695573 0.87110227
vn 0.14131845 0.93222371 0.33314869
vn 0.14131845 0.93222371 0.33314869
vn -0.42449229 -0.24695573 0.87110227
vn 0.33222909 -0.36166928 0.87110227
vn 0.14131845 0.93222371 0.33314869
vn 0.14131845 0.93222371 0.33314869
vn 0.33222909 -0.36166928 0.87110227
vn 0.89433517 -0.26452187 0.36082237
vn 0.14131845 0.93222371 0.33314869
vn 0.14131845 0.93222371 0.33314869
vn 0.89433517 -0.26452187 0.36082237
vn 0.93255184 -1.2421136e-2 -0.36082237
vn 0.14131845 0.93222371 0.33314869
vn 0.14131845 0.93222371 0.33314869
vn 0.93255184 -1.2421136e-2 -0.36082237
vn 0.42449229 0.24695573 -0.87110227
vn 0.14131845 0.93222371 0.33314869
vn 0.14131845 0.93222371 0.33314869
vn 0.42449229 0.24695573 -0.87110227
vn -0.33222909 0.36166928 -0.87110227
vn -0.89433517 0.26452187 -0.36082237
vn -0.33222909 0.36166928 -0.87110227
vn -0.89433517 0.26452187 -0.36082237
vn -0.93255184 1.2421136e-2 0.36082237
vn -0.93255184 1.2421136e-2 0.36082237
vn -0.42449229 -0.24695573 0.87110227
vn -0.42449229 -0.24695573 0.87110227
vn 0.33222909 -0.36166928 0.87110227
vn 0.33222909 -0.36166928 0.87110227
vn 0.89433517 -0.26452187 0.36082237
vn 0.89433517 -0.26452187 0.36082237
vn 0.93255184 -1.2421136e-2 -0.36082237
vn 0.93255184 -1.2421136e-2 -0.36082237
vn 0.42449229 0.24695573 -0.87110227
vn 0.42449229 0.24695573 -0.87110227
vn -0.33222909 0.36166928 -0.87110227
g cylinder3_copy9_default
usemtl default
s 1
f 34//110 42//142 41//139 33//106
f 34//112 49//162 56//190 35//116
f 37//122 45//151 44//147 36//117
f 37//123 54//181 53//178 38//128
f 39//130 47//157 46//153 38//125
f 39//131 52//173 51//170 40//136
f 51//171 59//197 58//196 50//168
f 53//179 61//201 60//200 52//176
f 55//187 63//205 62//204 54//184
s 2
f 36//118 44//148 43//144 35//113
f 36//119 55//185 54//182 37//124
f 38//126 46//154 45//150 37//121
f 38//127 53//177 52//174 39//132
f 40//134 48//160 47//156 39//129
f 40//135 51//169 50//166 33//108
s 3
f 33//105 41//138 48//159 40//133
f 33//107 50//165 49//161 34//111
f 35//114 43//145 42//141 34//109
f 35//115 56//189 55//186 36//120
f 49//164 57//194 64//208 56//192
f 52//175 60//199 59//198 51//172
f 54//183 62//203 61//202 53//180
s 4
f 42//140 43//143 44//146 45//149 46//152 47//155 48//158 41//137
f 50//167 58//195 57//193 49//163
f 56//191 64//207 63//206 55//188
o cylinder3_copy8
#32 vertices, 25 faces
v -1.10049331 0.96563741 -0.28493236
v -1.18367152 1.02169584 -5.6472569e-2
v -1.40156457 1.09800185 3.8158576e-2
v -1.62653365 1.14985643 -5.6472569e-2
v -1.72679494 1.14688385 -0.28493236
v -1.64361673 1.09082542 -0.51339216
v -1.42572369 1.01451941 -0.60802330
v -1.20075460 0.96266484 -0.51339216
v -1.26332652 0.40296316 -0.20615063
v -1.34650473 0.45902159 2.2309168e-2
v -1.56439777 0.53532760 0.11694031
v -1.78936686 0.58718218 2.2309168e-2
v -1.88962815 0.58420960 -0.20615063
v -1.80644994 0.52815117 -0.43461042
v -1.58855690 0.45184516 -0.52924156
v -1.36358781 0.39999059 -0.43461042
v -1.25634287 1.03261831 -0.12866586
v -1.19944897 0.99427435 -0.28493236
v -1.26802769 0.99224111 -0.44119886
v -1.42190654 1.02770963 -0.50592656
v -1.57094539 1.07990295 -0.44119886
v -1.62783928 1.11824691 -0.28493236
v -1.55926056 1.12028016 -0.12866586
v -1.40538171 1.08481163 -6.3938160e-2
v -1.31948620 0.81442492 -9.8115942e-2
v -1.26259231 0.77608096 -0.25438244
v -1.33117103 0.77404772 -0.41064894
v -1.48504988 0.80951624 -0.47537664
v -1.63408872 0.86170956 -0.41064894
v -1.69098262 0.90005352 -0.25438244
v -1.62240390 0.90208676 -9.8115942e-2
v -1.46852504 0.86661824 -3.3388239e-2
vn 0.87328521 -0.30582396 -0.37926856
vn 0.90164501 -0.20782596 0.37926856
vn 0.27550473 0.95201353 -0.13329432
vn 0.27550473 0.95201353 -0.13329432
vn 0.40183339 1.1913673e-2 0.91563529
vn 0.90164501 -0.20782596 0.37926856
vn 0.27550473 0.95201353 -0.13329432
vn 0.27550473 0.95201353 -0.13329432
vn -0.33336678 0.22467444 0.91563529
vn 0.40183339 1.1913673e-2 0.91563529
vn 0.27550473 0.95201353 -0.13329432
vn 0.27550473 0.95201353 -0.13329432
vn -0.87328521 0.30582396 0.37926856
vn -0.33336678 0.22467444 0.91563529
vn 0.27550473 0.95201353 -0.13329432
vn 0.27550473 0.95201353 -0.13329432
vn -0.90164501 0.20782596 -0.37926856
vn -0.87328521 0.30582396 0.37926856
vn 0.27550473 0.95201353 -0.13329432
vn 0.27550473 0.95201353 -0.13329432
vn -0.40183339 -1.1913673e-2 -0.91563529
vn -0.90164501 0.20782596 -0.37926856
vn 0.27550473 0.95201353 -0.13329432
vn 0.27550473 0.95201353 -0.13329432
vn 0.33336678 -0.22467444 -0.91563529
vn -0.40183339 -1.1913673e-2 -0.91563529
vn 0.27550473 0.95201353 -0.13329432
vn 0.27550473 0.95201353 -0.13329432
vn 0.87328521 -0.30582396 -0.37926856
vn 0.33336678 -0.22467444 -0.91563529
vn 0.27550473 0.95201353 -0.13329432
vn 0.27550473 0.95201353 -0.13329432
vn -0.27550473 -0.95201353 0.13329432
vn 0.87328521 -0.30582396 -0.37926856
vn 0.90164501 -0.20782596 0.37926856
vn -0.27550473 -0.95201353 0.13329432
vn 0.40183339 1.1913673e-2 0.91563529
vn 0.90164501 -0.20782596 0.37926856
vn -0.27550473 -0.95201353 0.13329432
vn -0.33336678 0.22467444 0.91563529
vn 0.40183339 1.1913673e-2 0.91563529
vn -0.27550473 -0.95201353 0.13329432
vn -0.87328521 0.30582396 0.37926856
vn -0.33336678 0.22467444 0.91563529
vn -0.27550473 -0.95201353 0.13329432
vn -0.90164501 0.20782596 -0.37926856
vn -0.87328521 0.30582396 0.37926856
vn -0.27550473 -0.95201353 0.13329432
vn -0.40183339 -1.1913673e-2 -0.91563529
vn -0.90164501 0.20782596 -0.37926856
vn -0.27550473 -0.95201353 0.13329432
vn 0.33336678 -0.22467444 -0.91563529
vn -0.40183339 -1.1913673e-2 -0.91563529
vn -0.27550473 -0.95201353 0.13329432
vn 0.87328521 -0.30582396 -0.37926856
vn 0.33336678 -0.22467444 -0.91563529
vn 0.27550473 0.95201353 -0.13329432
vn 0.27550473 0.95201353 -0.13329432
vn -0.90164501 0.20782596 -0.37926856
vn -0.40183339 -1.1913673e-2 -0.91563529
vn 0.27550473 0.95201353 -0.13329432
vn 0.27550473 0.95201353 -0.13329432
vn -0.90164501 0.20782596 -0.37926856
vn -0.87328521 0.30582396 0.37926856
vn 0.27550473 0.95201353 -0.13329432
vn 0.27550473 0.95201353 -0.13329432
vn -0.87328521 0.30582396 0.37926856
vn -0.33336678 0.22467444 0.91563529
vn 0.27550473 0.95201353 -0.13329432
vn 0.27550473 0.95201353 -0.13329432
vn -0.33336678 0.22467444 0.91563529
vn 0.40183339 1.1913673e-2 0.91563529
vn 0.27550473 0.95201353 -0.13329432
vn 0.27550473 0.95201353 -0.13329432
vn 0.40183339 1.1913673e-2 0.91563529
vn 0.90164501 -0.20782596 0.37926856
vn 0.27550473 0.95201353 -0.13329432
vn 0.27550473 0.95201353 -0.13329432
vn 0.90164501 -0.20782596 0.37926856
vn 0.87328521 -0.30582396 -0.37926856
vn 0.27550473 0.95201353 -0.13329432
vn 0.27550473 0.95201353 -0.13329432
vn 0.87328521 -0.30582396 -0.37926856
vn 0.33336678 -0.22467444 -0.91563529
vn 0.27550473 0.95201353 -0.13329432
vn 0.27550473 0.95201353 -0.13329432
vn 0.33336678 -0.22467444 -0.91563529
vn -0.40183339 -1.1913673e-2 -0.91563529
vn -0.90164501 0.20782596 -0.37926856
vn -0.40183339 -1.1913673e-2 -0.91563529
vn -0.90164501 0.20782596 -0.37926856
vn -0.87328521 0.30582396 0.37926856
vn -0.87328521 0.30582396 0.37926856
vn -0.33336678 0.22467444 0.91563529
vn -0.33336678 0.22467444 0.91563529
vn 0.40183339 1.1913673e-2 0.91563529
vn 0.40183339 1.1913673e-2 0.91563529
vn 0.90164501 -0.20782596 0.37926856
vn 0.90164501 -0.20782596 0.37926856
vn 0.87328521 -0.30582396 -0.37926856
vn 0.87328521 -0.30582396 -0.37926856
vn 0.33336678 -0.22467444 -0.91563529
vn 0.33336678 -0.22467444 -0.91563529
vn -0.40183339 -1.1913673e-2 -0.91563529
g cylinder3_copy8_default
usemtl default
s 1
f 66//214 74//246 73//243 65//210
f 66//216 81//266 88//294 67//220
f 69//226 77//255 76//251 68//221
f 69//227 86//285 85//282 70//232
f 71//234 79//261 78//257 70//229
f 71//235 84//277 83//274 72//240
f 83//275 91//301 90//300 82//272
f 85//283 93//305 92//304 84//280
f 87//291 95//309 94//308 86//288
s 2
f 68//222 76//252 75//248 67//217
f 68//223 87//289 86//286 69//228
f 70//230 78//258 77//254 69//225
f 70//231 85//281 84//278 71//236
f 72//238 80//264 79//260 71//233
f 72//239 83//273 82//270 65//212
s 3
f 65//209 73//242 80//263 72//237
f 65//211 82//269 81//265 66//215
f 67//218 75//249 74//245 66//213
f 67//219 88//293 87//290 68//224
f 81//268 89//298 96//312 88//296
f 84//279 92//303 91//302 83//276
f 86//287 94//307 93//306 85//284
s 4
f 74//244 75//247 76//250 77//253 78//256 79//259 80//262 73//241
f 82//271 90//299 89//297 81//267
f 88//295 96//311 95//310 87//292
o cylinder3_copy7
#32 vertices, 25 faces
v 7.49776114 0.51412808 -7.8060439e-3
v 7.45850772 0.52020483 8.8088949e-2
v 7.36374156 0.53487541 0.12780996
v 7.26897541 0.54954598 8.8088949e-2
v 7.22972198 0.55562273 -7.8060439e-3
v 7.26897541 0.54954598 -0.10370104
v 7.36374156 0.53487541 -0.14342204
v 7.45850772 0.52020483 -0.10370104
v 7.46014637 0.27115141 -7.8060439e-3
v 7.42089294 0.27722816 8.8088949e-2
v 7.32612679 0.29189874 0.12780996
v 7.23136063 0.30656932 8.8088949e-2
v 7.19210721 0.31264607 -7.8060439e-3
v 7.23136063 0.30656932 -0.10370104
v 7.32612679 0.29189874 -0.14342204
v 7.42089294 0.27722816 -0.10370104
v 7.42856161 0.52484073 5.7786132e-2
v 7.45541095 0.52068424 -7.8060439e-3
v 7.42856161 0.52484073 -7.3398219e-2
v 7.36374156 0.53487541 -0.10056739
v 7.29892151 0.54491008 -7.3398219e-2
v 7.27207217 0.54906658 -7.8060439e-3
v 7.29892151 0.54491008 5.7786132e-2
v 7.36374156 0.53487541 8.4955300e-2
v 7.41397538 0.43061943 5.7786132e-2
v 7.44082473 0.42646293 -7.8060439e-3
v 7.41397538 0.43061943 -7.3398219e-2
v 7.34915533 0.44065410 -0.10056739
v 7.28433528 0.45068877 -7.3398219e-2
v 7.25748594 0.45484527 -7.8060439e-3
v 7.28433528 0.45068877 5.7786132e-2
v 7.34915533 0.44065410 8.4955300e-2
vn 0.91300398 -0.14134048 -0.38268343
vn 0.91300398 -0.14134048 0.38268343
vn 0.15298584 0.98822838 2.6114233e-15
vn 0.15298584 0.98822838 -2.6114233e-15
vn 0.37817863 -5.8545145e-2 0.92387953
vn 0.91300398 -0.14134048 0.38268343
vn 0.15298584 0.98822838 2.6114233e-15
vn 0.15298584 0.98822838 2.6633188e-15
vn -0.37817863 5.8545145e-2 0.92387953
vn 0.37817863 -5.8545145e-2 0.92387953
vn 0.15298584 0.98822838 1.5666581e-17
vn 0.15298584 0.98822838 2.6633188e-15
vn -0.91300398 0.14134048 0.38268343
vn -0.37817863 5.8545145e-2 0.92387953
vn 0.15298584 0.98822838 -1.7664071e-15
vn 0.15298584 0.98822838 1.5666581e-17
vn -0.91300398 0.14134048 -0.38268343
vn -0.91300398 0.14134048 0.38268343
vn 0.15298584 0.98822838 1.7664071e-15
vn 0.15298584 0.98822838 -1.7664071e-15
vn -0.37817863 5.8545145e-2 -0.92387953
vn -0.91300398 0.14134048 -0.38268343
vn 0.15298584 0.98822838 -1.5666581e-17
vn 0.15298584 0.98822838 1.7664071e-15
vn 0.37817863 -5.8545145e-2 -0.92387953
vn -0.37817863 5.8545145e-2 -0.92387953
vn 0.15298584 0.98822838 -2.6633188e-15
vn 0.15298584 0.98822838 -1.5666581e-17
vn 0.91300398 -0.14134048 -0.38268343
vn 0.37817863 -5.8545145e-2 -0.92387953
vn 0.15298584 0.98822838 -2.6114233e-15
vn 0.15298584 0.98822838 -2.6633188e-15
vn -0.15298584 -0.98822838 -6.6695018e-17
vn 0.91300398 -0.14134048 -0.38268343
vn 0.91300398 -0.14134048 0.38268343
vn -0.15298584 -0.98822838 -6.6695018e-17
vn 0.37817863 -5.8545145e-2 0.92387953
vn 0.91300398 -0.14134048 0.38268343
vn -0.15298584 -0.98822838 -6.6695018e-17
vn -0.37817863 5.8545145e-2 0.92387953
vn 0.37817863 -5.8545145e-2 0.92387953
vn -0.15298584 -0.98822838 -6.6695018e-17
vn -0.91300398 0.14134048 0.38268343
vn -0.37817863 5.8545145e-2 0.92387953
vn -0.15298584 -0.98822838 -6.6695018e-17
vn -0.91300398 0.14134048 -0.38268343
vn -0.91300398 0.14134048 0.38268343
vn -0.15298584 -0.98822838 -6.6695018e-17
vn -0.37817863 5.8545145e-2 -0.92387953
vn -0.91300398 0.14134048 -0.38268343
vn -0.15298584 -0.98822838 -6.6695018e-17
vn 0.37817863 -5.8545145e-2 -0.92387953
vn -0.37817863 5.8545145e-2 -0.92387953
vn -0.15298584 -0.98822838 -6.6695018e-17
vn 0.91300398 -0.14134048 -0.38268343
vn 0.37817863 -5.8545145e-2 -0.92387953
vn 0.15298584 0.98822838 2.6114233e-15
vn 0.15298584 0.98822838 2.6633188e-15
vn -0.91300398 0.14134048 -0.38268343
vn -0.37817863 5.8545145e-2 -0.92387953
vn 0.15298584 0.98822838 2.6114233e-15
vn 0.15298584 0.98822838 -2.6114233e-15
vn -0.91300398 0.14134048 -0.38268343
vn -0.91300398 0.14134048 0.38268343
vn 0.15298584 0.98822838 -2.6114233e-15
vn 0.15298584 0.98822838 -2.6633188e-15
vn -0.91300398 0.14134048 0.38268343
vn -0.37817863 5.8545145e-2 0.92387953
vn 0.15298584 0.98822838 -2.6633188e-15
vn 0.15298584 0.98822838 -1.5666581e-17
vn -0.37817863 5.8545145e-2 0.92387953
vn 0.37817863 -5.8545145e-2 0.92387953
vn 0.15298584 0.98822838 -1.5666581e-17
vn 0.15298584 0.98822838 1.7664071e-15
vn 0.37817863 -5.8545145e-2 0.92387953
vn 0.91300398 -0.14134048 0.38268343
vn 0.15298584 0.98822838 1.7664071e-15
vn 0.15298584 0.98822838 -1.7664071e-15
vn 0.91300398 -0.14134048 0.38268343
vn 0.91300398 -0.14134048 -0.38268343
vn 0.15298584 0.98822838 -1.7664071e-15
vn 0.15298584 0.98822838 1.5666581e-17
vn 0.91300398 -0.14134048 -0.38268343
vn 0.37817863 -5.8545145e-2 -0.92387953
vn 0.15298584 0.98822838 1.5666581e-17
vn 0.15298584 0.98822838 2.6633188e-15
vn 0.37817863 -5.8545145e-2 -0.92387953
vn -0.37817863 5.8545145e-2 -0.92387953
vn -0.91300398 0.14134048 -0.38268343
vn -0.37817863 5.8545145e-2 -0.92387953
vn -0.91300398 0.14134048 -0.38268343
vn -0.91300398 0.14134048 0.38268343
vn -0.91300398 0.14134048 0.38268343
vn -0.37817863 5.8545145e-2 0.92387953
vn -0.37817863 5.8545145e-2 0.92387953
vn 0.37817863 -5.8545145e-2 0.92387953
vn 0.37817863 -5.8545145e-2 0.92387953
vn 0.91300398 -0.14134048 0.38268343
vn 0.91300398 -0.14134048 0.38268343
vn 0.91300398 -0.14134048 -0.38268343
vn 0.91300398 -0.14134048 -0.38268343
vn 0.37817863 -5.8545145e-2 -0.92387953
vn 0.37817863 -5.8545145e-2 -0.92387953
vn -0.37817863 5.8545145e-2 -0.92387953
g cylinder3_copy7_default
usemtl default
s 1
f 98//318 106//350 105//347 97//314
f 98//320 113//370 120//398 99//324
f 101//330 109//359 108//355 100//325
f 101//331 118//389 117//386 102//336
f 103//338 111//365 110//361 102//333
f 103//339 116//381 115//378 104//344
f 115//379 123//405 122//404 114//376
f 117//387 125//409 124//408 116//384
f 119//395 127//413 126//412 118//392
s 2
f 100//326 108//356 107//352 99//321
f 100//327 119//393 118//390 101//332
f 102//334 110//362 109//358 101//329
f 102//335 117//385 116//382 103//340
f 104//342 112//368 111//364 103//337
f 104//343 115//377 114//374 97//316
s 3
f 97//313 105//346 112//367 104//341
f 97//315 114//373 113//369 98//319
f 99//322 107//353 106//349 98//317
f 99//323 120//397 119//394 100//328
f 113//372 121//402 128//416 120//400
f 116//383 124//407 123//406 115//380
f 118//391 126//411 125//410 117//388
s 4
f 106//348 107//351 108//354 109//357 110//360 111//363 112//366 105//345
f 114//375 122//403 121//401 113//371
f 120//399 128//415 127//414 119//396
o cylinder3_copy6
#32 vertices, 25 faces
v 5.77419835 0.78159878 -0.18284670
v 5.71010660 0.84090436 -3.7957985e-2
v 5.55537541 0.88272711 1.6141566e-2
v 5.40064421 0.88256783 -5.2238831e-2
v 5.33655246 0.84051982 -0.20304287
v 5.40064421 0.78121424 -0.34793158
v 5.55537541 0.73939149 -0.40203114
v 5.71010660 0.73955077 -0.33365074
v 5.71773608 0.40630827 -5.4209669e-2
v 5.65364432 0.46561385 9.0679048e-2
v 5.49891313 0.50743661 0.14477860
v 5.34418194 0.50727733 7.6398203e-2
v 5.28009018 0.46522932 -7.4405834e-2
v 5.34418194 0.40592374 -0.21929455
v 5.49891313 0.36410099 -0.27339410
v 5.65364432 0.36426027 -0.20501371
v 5.66121154 0.83147332 -8.6933814e-2
v 5.70505030 0.79090830 -0.18603770
v 5.66121154 0.76214747 -0.28918766
v 5.55537541 0.76203852 -0.33595985
v 5.44953927 0.79064528 -0.29895575
v 5.40570051 0.83121030 -0.19985187
v 5.44953927 0.85997113 -9.6701912e-2
v 5.55537541 0.86008008 -4.9929721e-2
v 5.63931664 0.68594345 -3.7051043e-2
v 5.68315540 0.64537844 -0.13615493
v 5.63931664 0.61661760 -0.23930489
v 5.53348051 0.61650865 -0.28607708
v 5.42764437 0.64511542 -0.24907298
v 5.38380561 0.68568043 -0.14996910
v 5.42764437 0.71444127 -4.6819141e-2
v 5.53348051 0.71455022 -4.6950047e-5
vn 0.91466259 -0.24722686 -0.31979872
vn 0.91466259 9.4154316e-4 0.40421709
vn 0.14090123 0.93653489 -0.32101284
vn 0.14090123 0.93653489 -0.32101284
vn 0.37886565 0.24855840 0.89144800
vn 0.91466259 9.4154316e-4 0.40421709
vn 0.14090123 0.93653489 -0.32101284
vn 0.14090123 0.93653489 -0.32101284
vn -0.37886565 0.35057312 0.85648077
vn 0.37886565 0.24855840 0.89144800
vn 0.14090123 0.93653489 -0.32101284
vn 0.14090123 0.93653489 -0.32101284
vn -0.91466259 0.24722686 0.31979872
vn -0.37886565 0.35057312 0.85648077
vn 0.14090123 0.93653489 -0.32101284
vn 0.14090123 0.93653489 -0.32101284
vn -0.91466259 -9.4154316e-4 -0.40421709
vn -0.91466259 0.24722686 0.31979872
vn 0.14090123 0.93653489 -0.32101284
vn 0.14090123 0.93653489 -0.32101284
vn -0.37886565 -0.24855840 -0.89144800
vn -0.91466259 -9.4154316e-4 -0.40421709
vn 0.14090123 0.93653489 -0.32101284
vn 0.14090123 0.93653489 -0.32101284
vn 0.37886565 -0.35057312 -0.85648077
vn -0.37886565 -0.24855840 -0.89144800
vn 0.14090123 0.93653489 -0.32101284
vn 0.14090123 0.93653489 -0.32101284
vn 0.91466259 -0.24722686 -0.31979872
vn 0.37886565 -0.35057312 -0.85648077
vn 0.14090123 0.93653489 -0.32101284
vn 0.14090123 0.93653489 -0.32101284
vn -0.14090123 -0.93653489 0.32101284
vn 0.91466259 -0.24722686 -0.31979872
vn 0.91466259 9.4154316e-4 0.40421709
vn -0.14090123 -0.93653489 0.32101284
vn 0.37886565 0.24855840 0.89144800
vn 0.91466259 9.4154316e-4 0.40421709
vn -0.14090123 -0.93653489 0.32101284
vn -0.37886565 0.35057312 0.85648077
vn 0.37886565 0.24855840 0.89144800
vn -0.14090123 -0.93653489 0.32101284
vn -0.91466259 0.24722686 0.31979872
vn -0.37886565 0.35057312 0.85648077
vn -0.14090123 -0.93653489 0.32101284
vn -0.91466259 -9.4154316e-4 -0.40421709
vn -0.91466259 0.24722686 0.31979872
vn -0.14090123 -0.93653489 0.32101284
vn -0.37886565 -0.24855840 -0.89144800
vn -0.91466259 -9.4154316e-4 -0.40421709
vn -0.14090123 -0.93653489 0.32101284
vn 0.37886565 -0.35057312 -0.85648077
vn -0.37886565 -0.24855840 -0.89144800
vn -0.14090123 -0.93653489 0.32101284
vn 0.91466259 -0.24722686 -0.31979872
vn 0.37886565 -0.35057312 -0.85648077
vn 0.14090123 0.93653489 -0.32101284
vn 0.14090123 0.93653489 -0.32101284
vn -0.91466259 -9.4154316e-4 -0.40421709
vn -0.37886565 -0.24855840 -0.89144800
vn 0.14090123 0.93653489 -0.32101284
vn 0.14090123 0.93653489 -0.32101284
vn -0.91466259 -9.4154316e-4 -0.40421709
vn -0.91466259 0.24722686 0.31979872
vn 0.14090123 0.93653489 -0.32101284
vn 0.14090123 0.93653489 -0.32101284
vn -0.91466259 0.24722686 0.31979872
vn -0.37886565 0.35057312 0.85648077
vn 0.14090123 0.93653489 -0.32101284
vn 0.14090123 0.93653489 -0.32101284
vn -0.37886565 0.35057312 0.85648077
vn 0.37886565 0.24855840 0.89144800
vn 0.14090123 0.93653489 -0.32101284
vn 0.14090123 0.93653489 -0.32101284
vn 0.37886565 0.24855840 0.89144800
vn 0.91466259 9.4154316e-4 0.40421709
vn 0.14090123 0.93653489 -0.32101284
vn 0.14090123 0.93653489 -0.32101284
vn 0.91466259 9.4154316e-4 0.40421709
vn 0.91466259 -0.24722686 -0.31979872
vn 0.14090123 0.93653489 -0.32101284
vn 0.14090123 0.93653489 -0.32101284
vn 0.91466259 -0.24722686 -0.31979872
vn 0.37886565 -0.35057312 -0.85648077
vn 0.14090123 0.93653489 -0.32101284
vn 0.14090123 0.93653489 -0.32101284
vn 0.37886565 -0.35057312 -0.85648077
vn -0.37886565 -0.24855840 -0.89144800
vn -0.91466259 -9.4154316e-4 -0.40421709
vn -0.37886565 -0.24855840 -0.89144800
vn -0.91466259 -9.4154316e-4 -0.40421709
vn -0.91466259 0.24722686 0.31979872
vn -0.91466259 0.24722686 0.31979872
vn -0.37886565 0.35057312 0.85648077
vn -0.37886565 0.35057312 0.85648077
vn 0.37886565 0.24855840 0.89144800
vn 0.37886565 0.24855840 0.89144800
vn 0.91466259 9.4154316e-4 0.40421709
vn 0.91466259 9.4154316e-4 0.40421709
vn 0.91466259 -0.24722686 -0.31979872
vn 0.91466259 -0.24722686 -0.31979872
vn 0.37886565 -0.35057312 -0.85648077
vn 0.37886565 -0.35057312 -0.85648077
vn -0.37886565 -0.24855840 -0.89144800
g cylinder3_copy6_default
usemtl default
s 1
f 130//422 138//454 137//451 129//418
f 130//424 145//474 152//502 131//428
f 133//434 141//463 140//459 132//429
f 133//435 150//493 149//490 134//440
f 135//442 143//469 142//465 134//437
f 135//443 148//485 147//482 136//448
f 147//483 155//509 154//508 146//480
f 149//491 157//513 156//512 148//488
f 151//499 159//517 158//516 150//496
s 2
f 132//430 140//460 139//456 131//425
f 132//431 151//497 150//494 133//436
f 134//438 142//466 141//462 133//433
f 134//439 149//489 148//486 135//444
f 136//446 144//472 143//468 135//441
f 136//447 147//481 146//478 129//420
s 3
f 129//417 137//450 144//471 136//445
f 129//419 146//477 145//473 130//423
f 131//426 139//457 138//453 130//421
f 131//427 152//501 151//498 132//432
f 145//476 153//506 160//520 152//504
f 148//487 156//511 155//510 147//484
f 150//495 158//515 157//514 149//492
s 4
f 138//452 139//455 140//458 141//461 142//464 143//467 144//470 137//449
f 146//479 154//507 153//505 145//475
f 152//503 160//519 159//518 151//500
o cylinder3_copy5
#32 vertices, 25 faces
v 3.70211397 0.94445640 0.0000000e+0
v 3.60663078 0.94445640 0.23051681
v 3.37611397 0.94445640 0.32600000
v 3.14559716 0.94445640 0.23051681
v 3.05011397 0.94445640 3.9923486e-17
v 3.14559716 0.94445640 -0.23051681
v 3.37611397 0.94445640 -0.32600000
v 3.60663078 0.94445640 -0.23051681
v 3.70211397 0.35342042 0.0000000e+0
v 3.60663078 0.35342042 0.23051681
v 3.37611397 0.35342042 0.32600000
v 3.14559716 0.35342042 0.23051681
v 3.05011397 0.35342042 3.9923486e-17
v 3.14559716 0.35342042 -0.23051681
v 3.37611397 0.35342042 -0.32600000
v 3.60663078 0.35342042 -0.23051681
v 3.53378747 0.94445640 0.15767350
v 3.59909797 0.94445640 6.1896996e-18
v 3.53378747 0.94445640 -0.15767350
v 3.37611397 0.94445640 -0.22298400
v 3.21844048 0.94445640 -0.15767350
v 3.15312997 0.94445640 2.7544086e-17
v 3.21844048 0.94445640 0.15767350
v 3.37611397 0.94445640 0.22298400
v 3.53378747 0.71526492 0.15767350
v 3.59909797 0.71526492 5.1422795e-17
v 3.53378747 0.71526492 -0.15767350
v 3.37611397 0.71526492 -0.22298400
v 3.21844048 0.71526492 -0.15767350
v 3.15312997 0.71526492 7.2777182e-17
v 3.21844048 0.71526492 0.15767350
v 3.37611397 0.71526492 0.22298400
vn 0.92387953 0.0000000e+0 -0.38268343
vn 0.92387953 0.0000000e+0 0.38268343
vn 0.0000000e+0 1.00000000 0.0000000e+0
vn 0.0000000e+0 1.00000000 0.0000000e+0
vn 0.38268343 0.0000000e+0 0.92387953
vn 0.92387953 0.0000000e+0 0.38268343
vn 0.0000000e+0 1.00000000 0.0000000e+0
vn 0.0000000e+0 1.00000000 0.0000000e+0
vn -0.38268343 0.0000000e+0 0.92387953
vn 0.38268343 0.0000000e+0 0.92387953
vn 0.0000000e+0 1.00000000 0.0000000e+0
vn 0.0000000e+0 1.00000000 0.0000000e+0
vn -0.92387953 0.0000000e+0 0.38268343
vn -0.38268343 0.0000000e+0 0.92387953
vn 0.0000000e+0 1.00000000 0.0000000e+0
vn 0.0000000e+0 1.00000000 0.0000000e+0
vn -0.92387953 0.0000000e+0 -0.38268343
vn -0.92387953 0.0000000e+0 0.38268343
vn 0.0000000e+0 1.00000000 0.0000000e+0
vn 0.0000000e+0 1.00000000 0.0000000e+0
vn -0.38268343 0.0000000e+0 -0.92387953
vn -0.92387953 0.0000000e+0 -0.38268343
vn 0.0000000e+0 1.00000000 0.0000000e+0
vn 0.0000000e+0 1.00000000 0.0000000e+0
vn 0.38268343 0.0000000e+0 -0.92387953
vn -0.38268343 0.0000000e+0 -0.92387953
vn 0.0000000e+0 1.00000000 0.0000000e+0
vn 0.0000000e+0 1.00000000 0.0000000e+0
vn 0.92387953 0.0000000e+0 -0.38268343
vn 0.38268343 0.0000000e+0 -0.92387953
vn 0.0000000e+0 1.00000000 0.0000000e+0
vn 0.0000000e+0 1.00000000 0.0000000e+0
vn 0.0000000e+0 -1.00000000 4.6167892e-17
vn 0.92387953 0.0000000e+0 -0.38268343
vn 0.92387953 0.0000000e+0 0.38268343
vn 0.0000000e+0 -1.00000000 4.6167892e-17
vn 0.38268343 0.0000000e+0 0.92387953
vn 0.92387953 0.0000000e+0 0.38268343
vn 0.0000000e+0 -1.00000000 4.6167892e-17
vn -0.38268343 0.0000000e+0 0.92387953
vn 0.38268343 0.0000000e+0 0.92387953
vn 0.0000000e+0 -1.00000000 4.6167892e-17
vn -0.92387953 0.0000000e+0 0.38268343
vn -0.38268343 0.0000000e+0 0.92387953
vn 0.0000000e+0 -1.00000000 4.6167892e-17
vn -0.92387953 0.0000000e+0 -0.38268343
vn -0.92387953 0.0000000e+0 0.38268343
vn 0.0000000e+0 -1.00000000 4.6167892e-17
vn -0.38268343 0.0000000e+0 -0.92387953
vn -0.92387953 0.0000000e+0 -0.38268343
vn 0.0000000e+0 -1.00000000 4.6167892e-17
vn 0.38268343 0.0000000e+0 -0.92387953
vn -0.38268343 0.0000000e+0 -0.92387953
vn 0.0000000e+0 -1.00000000 4.6167892e-17
vn 0.92387953 0.0000000e+0 -0.38268343
vn 0.38268343 0.0000000e+0 -0.92387953
vn 0.0000000e+0 1.00000000 0.0000000e+0
vn 0.0000000e+0 1.00000000 0.0000000e+0
vn -0.92387953 -8.8698939e-17 -0.38268343
vn -0.38268343 -2.2174735e-16 -0.92387953
vn 0.0000000e+0 1.00000000 0.0000000e+0
vn 0.0000000e+0 1.00000000 0.0000000e+0
vn -0.92387953 -8.8698939e-17 -0.38268343
vn -0.92387953 8.8698939e-17 0.38268343
vn 0.0000000e+0 1.00000000 0.0000000e+0
vn 0.0000000e+0 1.00000000 0.0000000e+0
vn -0.92387953 8.8698939e-17 0.38268343
vn -0.38268343 2.2174735e-16 0.92387953
vn 0.0000000e+0 1.00000000 0.0000000e+0
vn 0.0000000e+0 1.00000000 0.0000000e+0
vn -0.38268343 2.2174735e-16 0.92387953
vn 0.38268343 2.2174735e-16 0.92387953
vn 0.0000000e+0 1.00000000 0.0000000e+0
vn 0.0000000e+0 1.00000000 0.0000000e+0
vn 0.38268343 2.2174735e-16 0.92387953
vn 0.92387953 8.8698939e-17 0.38268343
vn 0.0000000e+0 1.00000000 0.0000000e+0
vn 0.0000000e+0 1.00000000 0.0000000e+0
vn 0.92387953 8.8698939e-17 0.38268343
vn 0.92387953 -8.8698939e-17 -0.38268343
vn 0.0000000e+0 1.00000000 0.0000000e+0
vn 0.0000000e+0 1.00000000 0.0000000e+0
vn 0.92387953 -8.8698939e-17 -0.38268343
vn 0.38268343 -2.2174735e-16 -0.92387953
vn 0.0000000e+0 1.00000000 0.0000000e+0
vn 0.0000000e+0 1.00000000 0.0000000e+0
vn 0.38268343 -2.2174735e-16 -0.92387953
vn -0.38268343 -2.2174735e-16 -0.92387953
vn -0.92387953 -8.8698939e-17 -0.38268343
vn -0.38268343 -2.2174735e-16 -0.92387953
vn -0.92387953 -8.8698939e-17 -0.38268343
vn -0.92387953 8.8698939e-17 0.38268343
vn -0.92387953 8.8698939e-17 0.38268343
vn -0.38268343 2.2174735e-16 0.92387953
vn -0.38268343 2.2174735e-16 0.92387953
vn 0.38268343 2.2174735e-16 0.92387953
vn 0.38268343 2.2174735e-16 0.92387953
vn 0.92387953 8.8698939e-17 0.38268343
vn 0.92387953 8.8698939e-17 0.38268343
vn 0.92387953 -8.8698939e-17 -0.38268343
vn 0.92387953 -8.8698939e-17 -0.38268343
vn 0.38268343 -2.2174735e-16 -0.92387953
vn 0.38268343 -2.2174735e-16 -0.92387953
vn -0.38268343 -2.2174735e-16 -0.92387953
g cylinder3_copy5_default
usemtl default
s 1
f 162//526 170//558 169//555 161//522
f 162//528 177//578 184//606 163//532
f 165//538 173//567 172//563 164//533
f 165//539 182//597 181//594 166//544
f 167//546 175//573 174//569 166//541
f 167//547 180//589 179//586 168//552
f 179//587 187//613 186//612 178//584
f 181//595 189//617 188//616 180//592
f 183//603 191//621 190//620 182//600
s 2
f 164//534 172//564 171//560 163//529
f 164//535 183//601 182//598 165//540
f 166//542 174//570 173//566 165//537
f 166//543 181//593 180//590 167//548
f 168//550 176//576 175//572 167//545
f 168//551 179//585 178//582 161//524
s 3
f 161//521 169//554 176//575 168//549
f 161//523 178//581 177//577 162//527
f 163//530 171//561 170//557 162//525
f 163//531 184//605 183//602 164//536
f 177//580 185//610 192//624 184//608
f 180//591 188//615 187//614 179//588
f 182//599 190//619 189//618 181//596
s 4
f 170//556 171//559 172//562 173//565 174//568 175//571 176//574 169//553
f 178//583 186//611 185//609 177//579
f 184//607 192//623 191//622 183//604
o cylinder3_copy4
#32 vertices, 25 faces
v 2.05988351 0.85518404 0.23619470
v 1.96440033 0.80191882 0.46047313
v 1.73388351 0.77985564 0.55337230
v 1.50336670 0.80191882 0.46047313
v 1.40788351 0.85518404 0.23619470
v 1.50336670 0.90844927 1.1916262e-2
v 1.73388351 0.93051244 -8.0982907e-2
v 1.96440033 0.90844927 1.1916262e-2
v 2.05988351 0.28014301 9.9624768e-2
v 1.96440033 0.22687779 0.32390320
v 1.73388351 0.20481461 0.41680237
v 1.50336670 0.22687779 0.32390320
v 1.40788351 0.28014301 9.9624768e-2
v 1.50336670 0.33340824 -0.12465367
v 1.73388351 0.35547142 -0.21755283
v 1.96440033 0.33340824 -0.12465367
v 1.89155701 0.81875063 0.38960114
v 1.95686751 0.85518404 0.23619470
v 1.89155701 0.89161745 8.2788248e-2
v 1.73388351 0.90670867 1.9245216e-2
v 1.57621002 0.89161745 8.2788248e-2
v 1.51089951 0.85518404 0.23619470
v 1.57621002 0.81875063 0.38960114
v 1.73388351 0.80365941 0.45314418
v 1.89155701 0.59576166 0.33664216
v 1.95686751 0.63219507 0.18323571
v 1.89155701 0.66862848 2.9829265e-2
v 1.73388351 0.68371970 -3.3713767e-2
v 1.57621002 0.66862848 2.9829265e-2
v 1.51089951 0.63219507 0.18323571
v 1.57621002 0.59576166 0.33664216
v 1.73388351 0.58067044 0.40018519
vn 0.92387953 8.8426171e-2 -0.37232704
vn 0.92387953 -8.8426171e-2 0.37232704
vn -4.3379135e-17 0.97293743 0.23106872
vn -4.3379135e-17 0.97293743 0.23106872
vn 0.38268343 -0.21347966 0.89887698
vn 0.92387953 -8.8426171e-2 0.37232704
vn -4.3379135e-17 0.97293743 0.23106872
vn 4.7445928e-17 0.97293743 0.23106872
vn -0.38268343 -0.21347966 0.89887698
vn 0.38268343 -0.21347966 0.89887698
vn -4.2023537e-17 0.97293743 0.23106872
vn 4.7445928e-17 0.97293743 0.23106872
vn -0.92387953 -8.8426171e-2 0.37232704
vn -0.38268343 -0.21347966 0.89887698
